{
	"DJI_0549.JPG": {
		"id": 186,
		"w2c": [
			[
				-0.9348521813456482,
				-0.35495476116218957,
				-0.007649611857798632,
				0.6143129205832656
			],
			[
				-0.07436554847713128,
				0.21683526582092217,
				-0.9733715799714237,
				-3.8485879702375596
			],
			[
				0.34716158231143237,
				-0.9093896772147031,
				-0.22910532674374835,
				0.2219763087355928
			],
			[
				0.0,
				0.0,
				0.0,
				1.0
			]
		],
		"qvec": [
			-0.20943196923571845,
			0.08223949807380632,
			0.8524330653835618,
			0.4719457429190367
		],
		"tvec": [
			0.6143129205832656,
			-3.8485879702375596,
			0.2219763087355928
		],
		"camera_id": 1,
		"nerf_name": "frame_00186.JPG",
		"intrinsic_mtx": [
			[
				4334.2400691237139,
				0.0,
				2745.272635185963
			],
			[
				0.0,
				4335.411864773598,
				1794.0681863611786
			],
			[
				0.0,
				0.0,
				1.0
			]
		],
		"cam_cent": [
			0.21102777199057708,
			1.2544258553165185,
			-3.6905509431052154
		],
		"euler_angle": [
			104.14043722785452,
			20.313802758739379,
			25.892924308493975
		]
	},
	"DJI_0548.JPG": {
		"id": 185,
		"w2c": [
			[
				-0.9350043729842291,
				-0.35456103696462856,
				-0.007300244306644902,
				0.5109635531661909
			],
			[
				-0.07436224534309555,
				0.2161433213519618,
				-0.9735257167134704,
				-3.8622156650501835
			],
			[
				0.3467521866807801,
				-0.9097079397815053,
				-0.22846090547528534,
				0.19531499083989355
			],
			[
				0.0,
				0.0,
				0.0,
				1.0
			]
		],
		"qvec": [
			-0.2092528355079398,
			0.08208958146685848,
			0.8526515026359048,
			0.4716566192678916
		],
		"tvec": [
			0.5109635531661909,
			-3.8622156650501835,
			0.19531499083989355
		],
		"camera_id": 1,
		"nerf_name": "frame_00185.JPG",
		"intrinsic_mtx": [
			[
				4334.2400691237139,
				0.0,
				2745.272635185963
			],
			[
				0.0,
				4335.411864773598,
				1794.0681863611786
			],
			[
				0.0,
				0.0,
				1.0
			]
		],
		"cam_cent": [
			0.12282422762826989,
			1.1936394868086589,
			-3.7116142749898874
		],
		"euler_angle": [
			104.09751554146325,
			20.28879250685423,
			25.842164653172075
		]
	},
	"DJI_0547.JPG": {
		"id": 184,
		"w2c": [
			[
				-0.9350904457517875,
				-0.35433888006037647,
				-0.007058069231930238,
				0.4785381453140575
			],
			[
				-0.07439538363804943,
				0.21572080348146889,
				-0.9736168968535096,
				-3.8674807930535937
			],
			[
				0.34651289320467129,
				-0.9098947703019669,
				-0.22807963920538835,
				0.19009055330340728
			],
			[
				0.0,
				0.0,
				0.0,
				1.0
			]
		],
		"qvec": [
			-0.20915699144658762,
			0.08198569908660242,
			0.8527818255360098,
			0.47148155436852887
		],
		"tvec": [
			0.4785381453140575,
			-3.8674807930535937,
			0.19009055330340728
		],
		"camera_id": 1,
		"nerf_name": "frame_00184.JPG",
		"intrinsic_mtx": [
			[
				4334.2400691237139,
				0.0,
				2745.272635185963
			],
			[
				0.0,
				4335.411864773598,
				1794.0681863611786
			],
			[
				0.0,
				0.0,
				1.0
			]
		],
		"cam_cent": [
			0.0938849027029052,
			1.1768231349379968,
			-3.718711308199848
		],
		"euler_angle": [
			104.07214961422122,
			20.27417577803438,
			25.81240040506778
		]
	},
	"DJI_0546.JPG": {
		"id": 183,
		"w2c": [
			[
				-0.9352006083878129,
				-0.35404619286581037,
				-0.0071495026605415839,
				0.39854568646778007
			],
			[
				-0.07419199932911823,
				0.21563718078722167,
				-0.9736509402746388,
				-3.8633575359487275
			],
			[
				0.3462591071822022,
				-0.9100285158056135,
				-0.2279314175668179,
				0.21951288746998563
			],
			[
				0.0,
				0.0,
				0.0,
				1.0
			]
		],
		"qvec": [
			-0.20899192158560887,
			0.08200333268036385,
			0.8528412783648202,
			0.4714441473370186
		],
		"tvec": [
			0.39854568646778007,
			-3.8633575359487275,
			0.21951288746998563
		],
		"camera_id": 1,
		"nerf_name": "frame_00183.JPG",
		"intrinsic_mtx": [
			[
				4334.2400691237139,
				0.0,
				2745.272635185963
			],
			[
				0.0,
				4335.411864773598,
				1794.0681863611786
			],
			[
				0.0,
				0.0,
				1.0
			]
		],
		"cam_cent": [
			0.010081612309410113,
			1.1739500975865674,
			-3.70867841043262
		],
		"euler_angle": [
			104.06138272290112,
			20.25867530803153,
			25.788093028286118
		]
	},
	"DJI_0545.JPG": {
		"id": 182,
		"w2c": [
			[
				0.99314757271158,
				-0.11585926547592597,
				-0.015314353413569323,
				0.08646537763413939
			],
			[
				-0.10824809001031315,
				-0.8625802261133583,
				-0.4942041122120969,
				-2.6600715029895727
			],
			[
				0.04404826700581914,
				0.4924753639742874,
				-0.8692110020312546,
				1.2616454621254128
			],
			[
				0.0,
				0.0,
				0.0,
				1.0
			]
		],
		"qvec": [
			0.9910001113694182,
			0.1327350286870547,
			-0.016776782669998725,
			-0.00432793120220799
		],
		"tvec": [
			0.08646537763413939,
			-2.6600715029895727,
			1.2616454621254128
		],
		"camera_id": 1,
		"nerf_name": "frame_00182.JPG",
		"intrinsic_mtx": [
			[
				4334.2400691237139,
				0.0,
				2745.272635185963
			],
			[
				0.0,
				4335.411864773598,
				1794.0681863611786
			],
			[
				0.0,
				0.0,
				1.0
			]
		],
		"cam_cent": [
			-0.4293938355928002,
			-2.9058365715513769,
			-0.21665799786231833
		],
		"euler_angle": [
			-150.46508661521649,
			2.5245966349115376,
			-9.556569946152198
		]
	},
	"DJI_0544.JPG": {
		"id": 181,
		"w2c": [
			[
				0.9794783944794396,
				-0.20096418360572916,
				-0.015345085716997501,
				-0.3807476573999883
			],
			[
				-0.18217888231824093,
				-0.8502061323424492,
				-0.49392346306342846,
				-2.632965035266957
			],
			[
				0.08621443954034459,
				0.4865829111620921,
				-0.869369967838646,
				1.3004009658030674
			],
			[
				0.0,
				0.0,
				0.0,
				1.0
			]
		],
		"qvec": [
			0.9896262794481022,
			0.13157993627203078,
			-0.04282849897984456,
			-0.03862987278633411
		],
		"tvec": [
			-0.3807476573999883,
			-2.632965035266957,
			1.3004009658030674
		],
		"camera_id": 1,
		"nerf_name": "frame_00181.JPG",
		"intrinsic_mtx": [
			[
				4334.2400691237139,
				0.0,
				2745.272635185963
			],
			[
				0.0,
				4335.411864773598,
				1794.0681863611786
			],
			[
				0.0,
				0.0,
				1.0
			]
		],
		"cam_cent": [
			-0.21884986358042805,
			-2.9478325489748555,
			-0.1757962679657705
		],
		"euler_angle": [
			-150.7644341774914,
			4.945863514350933,
			-18.804483637648365
		]
	},
	"DJI_0543.JPG": {
		"id": 180,
		"w2c": [
			[
				0.950106549571048,
				-0.31149136043928796,
				-0.016452259233286874,
				-0.2584208662719236
			],
			[
				-0.27849384363167409,
				-0.8233383002525277,
				-0.4945252495035368,
				-2.6550197832678159
			],
			[
				0.1404945675869865,
				0.4744335313918699,
				-0.8690075378094172,
				1.3293265597706743
			],
			[
				0.0,
				0.0,
				0.0,
				1.0
			]
		],
		"qvec": [
			0.9850511772735878,
			0.12905041342236468,
			-0.0768789862896038,
			-0.08431957314003604
		],
		"tvec": [
			-0.2584208662719236,
			-2.6550197832678159,
			1.3293265597706743
		],
		"camera_id": 1,
		"nerf_name": "frame_00180.JPG",
		"intrinsic_mtx": [
			[
				4334.2400691237139,
				0.0,
				2745.272635185963
			],
			[
				0.0,
				4335.411864773598,
				1794.0681863611786
			],
			[
				0.0,
				0.0,
				1.0
			]
		],
		"cam_cent": [
			-0.6806424669664869,
			-2.8971524368185048,
			-0.16203112718956276
		],
		"euler_angle": [
			-151.36772425472035,
			8.076465743605159,
			-30.927045068091439
		]
	},
	"DJI_0542.JPG": {
		"id": 179,
		"w2c": [
			[
				0.8471746839558497,
				-0.5310585011939627,
				-0.01649009320555856,
				-0.21990644773333538
			],
			[
				-0.46863217500280798,
				-0.7322440538165919,
				-0.49416852409110575,
				-2.733412347635845
			],
			[
				0.25035762304440359,
				0.42637485146273138,
				-0.8692097253388796,
				1.3708230436206002
			],
			[
				0.0,
				0.0,
				0.0,
				1.0
			]
		],
		"qvec": [
			0.9645187410573681,
			0.1232812225827716,
			-0.14909972878752746,
			-0.17965135452618204
		],
		"tvec": [
			-0.21990644773333538,
			-2.733412347635845,
			1.3708230436206002
		],
		"camera_id": 1,
		"nerf_name": "frame_00179.JPG",
		"intrinsic_mtx": [
			[
				4334.2400691237139,
				0.0,
				2745.272635185963
			],
			[
				0.0,
				4335.411864773598,
				1794.0681863611786
			],
			[
				0.0,
				0.0,
				1.0
			]
		],
		"cam_cent": [
			-1.4378617971091235,
			-2.702792598326774,
			-0.1628599021495677
		],
		"euler_angle": [
			-153.8705891238537,
			14.49867547724147,
			-57.45935378897338
		]
	},
	"DJI_0541.JPG": {
		"id": 178,
		"w2c": [
			[
				0.6975872816533935,
				-0.7163295496276448,
				-0.01561924472196796,
				-0.1641141798098259
			],
			[
				-0.6282421850129427,
				-0.6010324238788377,
				-0.4940362156932349,
				-2.807782442442935
			],
			[
				0.34450506737287986,
				0.35444604917615465,
				-0.8693010162065975,
				1.455494239353009
			],
			[
				0.0,
				0.0,
				0.0,
				1.0
			]
		],
		"qvec": [
			0.9304969477284556,
			0.11587326772739995,
			-0.21821299811298976,
			-0.2704291100246841
		],
		"tvec": [
			-0.1641141798098259,
			-2.807782442442935,
			1.455494239353009
		],
		"camera_id": 1,
		"nerf_name": "frame_00178.JPG",
		"intrinsic_mtx": [
			[
				4334.2400691237139,
				0.0,
				2745.272635185963
			],
			[
				0.0,
				4335.411864773598,
				1794.0681863611786
			],
			[
				0.0,
				0.0,
				1.0
			]
		],
		"cam_cent": [
			-2.1509085530961609,
			-2.321022306353929,
			-0.12444693053879212
		],
		"euler_angle": [
			-157.81746788013889,
			20.151586174648487,
			-84.38029370096278
		]
	},
	"DJI_0540.JPG": {
		"id": 177,
		"w2c": [
			[
				0.5144139322988824,
				-0.8574113367486925,
				-0.014970166051890747,
				-0.16581837749032353
			],
			[
				-0.7491993982010001,
				-0.4408604011143769,
				-0.4943099922766381,
				-2.905393981666663
			],
			[
				0.41722723783576268,
				0.2654955862987014,
				-0.8691567900349448,
				1.6001974085526758
			],
			[
				0.0,
				0.0,
				0.0,
				1.0
			]
		],
		"qvec": [
			0.8848162344515081,
			0.10693939631117722,
			-0.28232034234179578,
			-0.3549076232876184
		],
		"tvec": [
			-0.16581837749032353,
			-2.905393981666663,
			1.6001974085526758
		],
		"camera_id": 1,
		"nerf_name": "frame_00177.JPG",
		"intrinsic_mtx": [
			[
				4334.2400691237139,
				0.0,
				2745.272635185963
			],
			[
				0.0,
				4335.411864773598,
				1794.0681863611786
			],
			[
				0.0,
				0.0,
				1.0
			]
		],
		"cam_cent": [
			-2.759066083751632,
			-1.847893062031694,
			-0.04782516224384393
		],
		"euler_angle": [
			-163.01400619379124,
			24.659654773993148,
			-111.32117301399807
		]
	},
	"DJI_0539.JPG": {
		"id": 176,
		"w2c": [
			[
				0.30215379873130746,
				-0.9531451642387305,
				-0.014743737672799405,
				-0.19043156818599378
			],
			[
				-0.8309360566763143,
				-0.2557697709777702,
				-0.49409219177112725,
				-2.9453950588186115
			],
			[
				0.46717058086683718,
				0.16154293590962988,
				-0.8692844921141982,
				1.7465024022768952
			],
			[
				0.0,
				0.0,
				0.0,
				1.0
			]
		],
		"qvec": [
			0.8267954408440268,
			0.0966916762438351,
			-0.342789147602733,
			-0.4353798560228538
		],
		"tvec": [
			-0.19043156818599378,
			-2.9453950588186115,
			1.7465024022768952
		],
		"camera_id": 1,
		"nerf_name": "frame_00176.JPG",
		"intrinsic_mtx": [
			[
				4334.2400691237139,
				0.0,
				2745.272635185963
			],
			[
				0.0,
				4335.411864773598,
				1794.0681863611786
			],
			[
				0.0,
				0.0,
				1.0
			]
		],
		"cam_cent": [
			-3.2058098755599016,
			-1.2169870736050009,
			0.060103080410007458
		],
		"euler_angle": [
			-169.47256489822537,
			27.850789005598604,
			-139.23310587288146
		]
	},
	"DJI_0538.JPG": {
		"id": 175,
		"w2c": [
			[
				0.05971028931550349,
				-0.998111188572085,
				-0.014447719442159819,
				-0.2173860911247487
			],
			[
				-0.8687637635245202,
				-0.04483330083443988,
				-0.49319316532470366,
				-3.011947631392308
			],
			[
				0.4916138774857469,
				0.04200036170688424,
				-0.8697998419636098,
				1.8437948351936165
			],
			[
				0.0,
				0.0,
				0.0,
				1.0
			]
		],
		"qvec": [
			0.7530544946635598,
			0.0847193016805999,
			-0.4015236285955251,
			-0.5143056908777554
		],
		"tvec": [
			-0.2173860911247487,
			-3.011947631392308,
			1.8437948351936165
		],
		"camera_id": 1,
		"nerf_name": "frame_00175.JPG",
		"intrinsic_mtx": [
			[
				4334.2400691237139,
				0.0,
				2745.272635185963
			],
			[
				0.0,
				4335.411864773598,
				1794.0681863611786
			],
			[
				0.0,
				0.0,
				1.0
			]
		],
		"cam_cent": [
			-3.5101259016106467,
			-0.42945109403876899,
			0.11511973689091222
		],
		"euler_angle": [
			-177.2354838266608,
			29.446712359768726,
			-169.5071481412012
		]
	},
	"DJI_0537.JPG": {
		"id": 174,
		"w2c": [
			[
				-0.180301865081588,
				-0.9835066630438912,
				-0.014348560776929606,
				-0.25601811811611827
			],
			[
				-0.8543911063614575,
				0.16382604913478844,
				-0.49312966144344796,
				-3.1019300516407934
			],
			[
				0.4873469757970638,
				-0.07665291496840986,
				-0.8698374881598869,
				1.87261411382083
			],
			[
				0.0,
				0.0,
				0.0,
				1.0
			]
		],
		"qvec": [
			0.6701303800912515,
			0.07136325778077787,
			-0.4530274298696219,
			-0.5836083506114295
		],
		"tvec": [
			-0.25601811811611827,
			-3.1019300516407934,
			1.87261411382083
		],
		"camera_id": 1,
		"nerf_name": "frame_00174.JPG",
		"intrinsic_mtx": [
			[
				4334.2400691237139,
				0.0,
				2745.272635185963
			],
			[
				0.0,
				4335.411864773598,
				1794.0681863611786
			],
			[
				0.0,
				0.0,
				1.0
			]
		],
		"cam_cent": [
			-3.6090348180737306,
			0.3999227504609743,
			0.09554274934399834
		],
		"euler_angle": [
			174.96391849626557,
			29.166354644060495,
			160.81178994262656
		]
	},
	"DJI_0536.JPG": {
		"id": 173,
		"w2c": [
			[
				-0.4105114726278232,
				-0.9117530991962255,
				-0.013660781347138414,
				-0.31877227254567239
			],
			[
				-0.7907434838300332,
				0.36340828913695896,
				-0.4926044642173788,
				-3.138730629918716
			],
			[
				0.45409808810572896,
				-0.19141761019463933,
				-0.8701460939900237,
				1.873315039717273
			],
			[
				0.0,
				0.0,
				0.0,
				1.0
			]
		],
		"qvec": [
			0.5771591113303672,
			0.05732296775727426,
			-0.4980297362483563,
			-0.6446454990056412
		],
		"tvec": [
			-0.31877227254567239,
			-3.138730629918716,
			1.873315039717273
		],
		"camera_id": 1,
		"nerf_name": "frame_00173.JPG",
		"intrinsic_mtx": [
			[
				4334.2400691237139,
				0.0,
				2745.272635185963
			],
			[
				0.0,
				4335.411864773598,
				1794.0681863611786
			],
			[
				0.0,
				0.0,
				1.0
			]
		],
		"cam_cent": [
			-3.463459246096922,
			1.208584608893545,
			0.07955036603418918
		],
		"euler_angle": [
			167.5934940821775,
			27.006918635045606,
			131.29553496599434
		]
	},
	"DJI_0535.JPG": {
		"id": 172,
		"w2c": [
			[
				-0.6243099714374486,
				-0.7810501223506353,
				-0.01406292785409459,
				-0.33903614040627907
			],
			[
				-0.6754998301000263,
				0.548808065599333,
				-0.4924527253127488,
				-3.158134828688992
			],
			[
				0.3923481095896947,
				-0.29794364149814586,
				-0.8702255727064203,
				1.9476966458284118
			],
			[
				0.0,
				0.0,
				0.0,
				1.0
			]
		],
		"qvec": [
			-0.47170037589439747,
			-0.041237499480192719,
			0.5369453312579099,
			0.6982033623938219
		],
		"tvec": [
			-0.33903614040627907,
			-3.158134828688992,
			1.9476966458284118
		],
		"camera_id": 1,
		"nerf_name": "frame_00172.JPG",
		"intrinsic_mtx": [
			[
				4334.2400691237139,
				0.0,
				2745.272635185963
			],
			[
				0.0,
				4335.411864773598,
				1794.0681863611786
			],
			[
				0.0,
				0.0,
				1.0
			]
		],
		"cam_cent": [
			-3.1091582803906658,
			2.0487094784809174,
			0.13493548499893469
		],
		"euler_angle": [
			161.10006875516843,
			23.100684756028099,
			101.67850966570158
		]
	},
	"DJI_0534.JPG": {
		"id": 171,
		"w2c": [
			[
				-0.7973876680997697,
				-0.6032990997944635,
				-0.014251419213538796,
				-0.4527263477690533
			],
			[
				-0.5193635369468748,
				0.698092032964792,
				-0.49287831155480496,
				-3.173556934751694
			],
			[
				0.3073018438806416,
				-0.38561342001838119,
				-0.8699815325909425,
				1.996420374377333
			],
			[
				0.0,
				0.0,
				0.0,
				1.0
			]
		],
		"qvec": [
			-0.3599642737194627,
			-0.02460769622081419,
			0.5674385543050357,
			0.7401578683095482
		],
		"tvec": [
			-0.4527263477690533,
			-3.173556934751694,
			1.996420374377333
		],
		"camera_id": 1,
		"nerf_name": "frame_00171.JPG",
		"intrinsic_mtx": [
			[
				4334.2400691237139,
				0.0,
				2745.272635185963
			],
			[
				0.0,
				4335.411864773598,
				1794.0681863611786
			],
			[
				0.0,
				0.0,
				1.0
			]
		],
		"cam_cent": [
			-2.6227318232768526,
			2.7121519026060425,
			0.16621948040204813
		],
		"euler_angle": [
			156.09500890860546,
			17.89670207683843,
			73.28561749330196
		]
	},
	"DJI_0533.JPG": {
		"id": 170,
		"w2c": [
			[
				-0.9196201292206768,
				-0.3925619176988878,
				-0.013926905783946953,
				-0.6184095977805247
			],
			[
				-0.33521134933519777,
				0.8027656205267397,
				-0.49315383986864949,
				-3.1206130988405569
			],
			[
				0.20477345826307478,
				-0.4488457410657788,
				-0.8698306338121761,
				1.9936194262944783
			],
			[
				0.0,
				0.0,
				0.0,
				1.0
			]
		],
		"qvec": [
			-0.24479041625301008,
			-0.00821966172407162,
			0.5888736886489715,
			0.7702193636158295
		],
		"tvec": [
			-0.6184095977805247,
			-3.1206130988405569,
			1.9936194262944783
		],
		"camera_id": 1,
		"nerf_name": "frame_00170.JPG",
		"intrinsic_mtx": [
			[
				4334.2400691237139,
				0.0,
				2745.272635185963
			],
			[
				0.0,
				4335.411864773598,
				1794.0681863611786
			],
			[
				0.0,
				0.0,
				1.0
			]
		],
		"cam_cent": [
			-2.023007186220441,
			3.157184441884775,
			0.18655638451219057
		],
		"euler_angle": [
			152.70558273525524,
			11.816237835764133,
			46.16850020982016
		]
	},
	"DJI_0532.JPG": {
		"id": 169,
		"w2c": [
			[
				-0.9860958729402481,
				-0.16558703104960668,
				-0.013995160534550635,
				-0.7182647420870535
			],
			[
				-0.1372466849869629,
				0.8590108202315805,
				-0.4932177593975686,
				-3.1106875985274176
			],
			[
				0.09369245876963964,
				-0.4844392076135512,
				-0.8697932957297698,
				2.0070011092548727
			],
			[
				0.0,
				0.0,
				0.0,
				1.0
			]
		],
		"qvec": [
			-0.12951152390595625,
			0.007936054350001302,
			0.6011573352485523,
			0.7885262471812659
		],
		"tvec": [
			-0.7182647420870535,
			-3.1106875985274176,
			2.0070011092548727
		],
		"camera_id": 1,
		"nerf_name": "frame_00169.JPG",
		"intrinsic_mtx": [
			[
				4334.2400691237139,
				0.0,
				2745.272635185963
			],
			[
				0.0,
				4335.411864773598,
				1794.0681863611786
			],
			[
				0.0,
				0.0,
				1.0
			]
		],
		"cam_cent": [
			-1.3232503274579613,
			3.525449006392379,
			0.20137751144878683
		],
		"euler_angle": [
			150.88398586039157,
			5.376067546068687,
			20.4950618306244
		]
	},
	"DJI_0531.JPG": {
		"id": 168,
		"w2c": [
			[
				-0.998146035874985,
				0.05949053606816022,
				-0.012859517307178968,
				-0.7797028448585245
			],
			[
				0.05807762109081865,
				0.8677399516485536,
				-0.49361357987943979,
				-3.0723981522072365
			],
			[
				-0.018206619551196274,
				-0.49344528818429969,
				-0.869586261720613,
				1.9986661940577118
			],
			[
				0.0,
				0.0,
				0.0,
				1.0
			]
		],
		"qvec": [
			-0.01787121089868867,
			0.022630732192460886,
			0.6051850276847872,
			0.7955624124150226
		],
		"tvec": [
			-0.7797028448585245,
			-3.0723981522072365,
			1.9986661940577118
		],
		"camera_id": 1,
		"nerf_name": "frame_00168.JPG",
		"intrinsic_mtx": [
			[
				4334.2400691237139,
				0.0,
				2745.272635185963
			],
			[
				0.0,
				4335.411864773598,
				1794.0681863611786
			],
			[
				0.0,
				0.0,
				1.0
			]
		],
		"cam_cent": [
			-0.5634307730269166,
			3.698659980366949,
			0.21140861116410823
		],
		"euler_angle": [
			150.42732804037858,
			-1.0432200995040309,
			-3.9507888066131677
		]
	},
	"DJI_0530.JPG": {
		"id": 167,
		"w2c": [
			[
				-0.9558439724569489,
				0.2936263332193816,
				-0.01207794510087514,
				-0.8922004968690733
			],
			[
				0.26094847086323499,
				0.8291302402430716,
				-0.494417779078186,
				-3.0666362750723294
			],
			[
				-0.13515989002606677,
				-0.4757379753126787,
				-0.8691404851768986,
				1.9477841479501808
			],
			[
				0.0,
				0.0,
				0.0,
				1.0
			]
		],
		"qvec": [
			0.1002059370473282,
			0.037956110874654908,
			0.601149568172895,
			0.7919200089107987
		],
		"tvec": [
			-0.8922004968690733,
			-3.0666362750723294,
			1.9477841479501808
		],
		"camera_id": 1,
		"nerf_name": "frame_00167.JPG",
		"intrinsic_mtx": [
			[
				4334.2400691237139,
				0.0,
				2745.272635185963
			],
			[
				0.0,
				4335.411864773598,
				1794.0681863611786
			],
			[
				0.0,
				0.0,
				1.0
			]
		],
		"cam_cent": [
			0.21069187074991495,
			3.731249318772965,
			0.16592261438727266
		],
		"euler_angle": [
			151.3052011143719,
			-7.76786565244996,
			-29.73060704728517
		]
	},
	"DJI_0529.JPG": {
		"id": 166,
		"w2c": [
			[
				-0.8600803913510043,
				0.5100053885185035,
				-0.012498963780772348,
				-0.997498047230436
			],
			[
				0.4486577626095337,
				0.7445067446044477,
				-0.49438438414729,
				-3.043116276082064
			],
			[
				-0.24283313707916796,
				-0.4308180717200451,
				-0.8691535287943736,
				1.8250558214472997
			],
			[
				0.0,
				0.0,
				0.0,
				1.0
			]
		],
		"qvec": [
			0.21613454965365604,
			0.05324699326212428,
			0.5883133768022423,
			0.7773917833564343
		],
		"tvec": [
			-0.997498047230436,
			-3.043116276082064,
			1.8250558214472997
		],
		"camera_id": 1,
		"nerf_name": "frame_00166.JPG",
		"intrinsic_mtx": [
			[
				4334.2400691237139,
				0.0,
				2745.272635185963
			],
			[
				0.0,
				4335.411864773598,
				1794.0681863611786
			],
			[
				0.0,
				0.0,
				1.0
			]
		],
		"cam_cent": [
			0.9505732594204649,
			3.5606170010602438,
			0.06931684945448605
		],
		"euler_angle": [
			153.6335140064553,
			-14.053814946512638,
			-55.50843238903424
		]
	},
	"DJI_0528.JPG": {
		"id": 165,
		"w2c": [
			[
				-0.7107730823881915,
				0.703305187229617,
				-0.012784325101599477,
				-1.0857383599430444
			],
			[
				0.6158900201577525,
				0.6134439655095986,
				-0.4943338793264551,
				-2.94639250269838
			],
			[
				-0.3398251144669462,
				-0.35923295338230407,
				-0.8691781041775929,
				1.7793541094404766
			],
			[
				0.0,
				0.0,
				0.0,
				1.0
			]
		],
		"qvec": [
			0.332624399862766,
			0.06817240967560258,
			0.5664083457528052,
			0.7509295020416547
		],
		"tvec": [
			-1.0857383599430444,
			-2.94639250269838,
			1.7793541094404766
		],
		"camera_id": 1,
		"nerf_name": "frame_00165.JPG",
		"intrinsic_mtx": [
			[
				4334.2400691237139,
				0.0,
				2745.272635185963
			],
			[
				0.0,
				4335.411864773598,
				1794.0681863611786
			],
			[
				0.0,
				0.0,
				1.0
			]
		],
		"cam_cent": [
			1.6476093510335797,
			3.210254753172405,
			0.0761935634580202
		],
		"euler_angle": [
			157.54459970017664,
			-19.866219460157447,
			-82.8374438740675
		]
	},
	"DJI_0527.JPG": {
		"id": 164,
		"w2c": [
			[
				-0.5331713743320438,
				0.8459068061863037,
				-0.013036903028240395,
				-1.0546470042868466
			],
			[
				0.7387867914389064,
				0.4580350476694295,
				-0.4943662325663737,
				-2.8535900255946107
			],
			[
				-0.41221640237657466,
				-0.2732134153993019,
				-0.8691559510568645,
				1.6696646874969517
			],
			[
				0.0,
				0.0,
				0.0,
				1.0
			]
		],
		"qvec": [
			0.43677269923672937,
			0.08114059376800921,
			0.5383973209356764,
			0.7160824938886042
		],
		"tvec": [
			-1.0546470042868466,
			-2.8535900255946107,
			1.6696646874969517
		],
		"camera_id": 1,
		"nerf_name": "frame_00164.JPG",
		"intrinsic_mtx": [
			[
				4334.2400691237139,
				0.0,
				2745.272635185963
			],
			[
				0.0,
				4335.411864773598,
				1794.0681863611786
			],
			[
				0.0,
				0.0,
				1.0
			]
		],
		"cam_cent": [
			2.2341501970355188,
			2.6553521142951239,
			0.026731118441374815
		],
		"euler_angle": [
			162.54980488094999,
			-24.34414198142381,
			-109.13591811921779
		]
	},
	"DJI_0526.JPG": {
		"id": 163,
		"w2c": [
			[
				-0.3163927859326138,
				0.9485334185682661,
				-0.013414874915434656,
				-0.9962364001105665
			],
			[
				0.8268264786413818,
				0.2688087878828355,
				-0.4940645805706505,
				-2.8523174962436745
			],
			[
				-0.46503072933655756,
				-0.16741024286511933,
				-0.8693217076298917,
				1.5511924305881256
			],
			[
				0.0,
				0.0,
				0.0,
				1.0
			]
		],
		"qvec": [
			0.5402773981147798,
			0.09378741408379855,
			0.501241039402592,
			0.6693740915694352
		],
		"tvec": [
			-0.9962364001105665,
			-2.8523174962436745,
			1.5511924305881256
		],
		"camera_id": 1,
		"nerf_name": "frame_00163.JPG",
		"intrinsic_mtx": [
			[
				4334.2400691237139,
				0.0,
				2745.272635185963
			],
			[
				0.0,
				4335.411864773598,
				1794.0681863611786
			],
			[
				0.0,
				0.0,
				1.0
			]
		],
		"cam_cent": [
			2.7645217686456466,
			1.9713770286565798,
			-0.07410818150821196
		],
		"euler_angle": [
			169.0996651951937,
			-27.712210817016375,
			-137.70608526461926
		]
	},
	"DJI_0525.JPG": {
		"id": 162,
		"w2c": [
			[
				-0.09020415136276054,
				0.9958176807331733,
				-0.014503717321027801,
				-0.9179883317268059
			],
			[
				0.8666185535619905,
				0.07130816971187581,
				-0.49384960013597875,
				-2.864686930986172
			],
			[
				-0.49074992990223428,
				-0.057116474607125527,
				-0.86942637102253,
				1.4492267595039526
			],
			[
				0.0,
				0.0,
				0.0,
				1.0
			]
		],
		"qvec": [
			0.6325940007701358,
			0.10494753692673019,
			0.45885399744562907,
			0.6150315875715756
		],
		"tvec": [
			-0.9179883317268059,
			-2.864686930986172,
			1.4492267595039526
		],
		"camera_id": 1,
		"nerf_name": "frame_00162.JPG",
		"intrinsic_mtx": [
			[
				4334.2400691237139,
				0.0,
				2745.272635185963
			],
			[
				0.0,
				4335.411864773598,
				1794.0681863611786
			],
			[
				0.0,
				0.0,
				1.0
			]
		],
		"cam_cent": [
			3.1109924167538467,
			1.2011993166956312,
			-0.16804277634538976
		],
		"euler_angle": [
			176.24138699168138,
			-29.389884215447688,
			-165.736840469211
		]
	},
	"DJI_0524.JPG": {
		"id": 161,
		"w2c": [
			[
				0.17494149628946749,
				0.9844694076239444,
				-0.014678498852507561,
				-0.9028376297780814
			],
			[
				0.8539670637597758,
				-0.15913741931673207,
				-0.4953943235309808,
				-2.8459907382977609
			],
			[
				-0.4900364546536409,
				0.07413006964634142,
				-0.8685441876408588,
				1.340271357393669
			],
			[
				0.0,
				0.0,
				0.0,
				1.0
			]
		],
		"qvec": [
			0.7283308451531815,
			0.1148471882807935,
			0.40294433452261649,
			0.5421993790282081
		],
		"tvec": [
			-0.9028376297780814,
			-2.8459907382977609,
			1.340271357393669
		],
		"camera_id": 1,
		"nerf_name": "frame_00161.JPG",
		"intrinsic_mtx": [
			[
				4334.2400691237139,
				0.0,
				2745.272635185963
			],
			[
				0.0,
				4335.411864773598,
				1794.0681863611786
			],
			[
				0.0,
				0.0,
				1.0
			]
		],
		"cam_cent": [
			3.2451079443824839,
			0.3365579960076177,
			-0.2590550603613582
		],
		"euler_angle": [
			-175.12163957107223,
			-29.34297766151738,
			161.5177121388555
		]
	},
	"DJI_0523.JPG": {
		"id": 160,
		"w2c": [
			[
				0.3945717874499525,
				0.9187450191628194,
				-0.01485578379150248,
				-0.8250377382683775
			],
			[
				0.7951094094137872,
				-0.34948854307856949,
				-0.4956397737454867,
				-2.804252566077579
			],
			[
				-0.46055849966123488,
				0.18375349798120645,
				-0.8684011287241992,
				1.2859911978340977
			],
			[
				0.0,
				0.0,
				0.0,
				1.0
			]
		],
		"qvec": [
			0.8006038595954393,
			0.12213082882465817,
			0.34852514804485226,
			0.47185563664303267
		],
		"tvec": [
			-0.8250377382683775,
			-2.804252566077579,
			1.2859911978340977
		],
		"camera_id": 1,
		"nerf_name": "frame_00160.JPG",
		"intrinsic_mtx": [
			[
				4334.2400691237139,
				0.0,
				2745.272635185963
			],
			[
				0.0,
				4335.411864773598,
				1794.0681863611786
			],
			[
				0.0,
				0.0,
				1.0
			]
		],
		"cam_cent": [
			3.147498393415288,
			-0.45836021206242097,
			-0.28539948190692118
		],
		"euler_angle": [
			-168.05245940135806,
			-27.423152337891375,
			133.57297899922595
		]
	},
	"DJI_0522.JPG": {
		"id": 159,
		"w2c": [
			[
				0.5960151853046606,
				0.8028397939621051,
				-0.014634347171509268,
				-0.7176371086217082
			],
			[
				0.6926800740486993,
				-0.5232821101944736,
				-0.4963568758124618,
				-2.7462049409763535
			],
			[
				-0.4061529439781769,
				0.2856993146321915,
				-0.8679952118050862,
				1.305052372674493
			],
			[
				0.0,
				0.0,
				0.0,
				1.0
			]
		],
		"qvec": [
			0.8631449679800451,
			0.12750606793539014,
			0.28862283019212928,
			0.3942332162340817
		],
		"tvec": [
			-0.7176371086217082,
			-2.7462049409763535,
			1.305052372674493
		],
		"camera_id": 1,
		"nerf_name": "frame_00159.JPG",
		"intrinsic_mtx": [
			[
				4334.2400691237139,
				0.0,
				2745.272635185963
			],
			[
				0.0,
				4335.411864773598,
				1794.0681863611786
			],
			[
				0.0,
				0.0,
				1.0
			]
		],
		"cam_cent": [
			2.8600149193525219,
			-1.2337448565474006,
			-0.24082064479817068
		],
		"euler_angle": [
			-161.78111781079807,
			-23.96339674041345,
			105.8548855876595
		]
	},
	"DJI_0521.JPG": {
		"id": 158,
		"w2c": [
			[
				0.7655885973610743,
				0.6431681264220678,
				-0.01445201527227482,
				-0.6442743174305546
			],
			[
				0.552859967814263,
				-0.6692462914187692,
				-0.49644260233247108,
				-2.7041680045696534
			],
			[
				-0.32896801604276845,
				0.3720808548917171,
				-0.8679492392092606,
				1.3482072019900538
			],
			[
				0.0,
				0.0,
				0.0,
				1.0
			]
		],
		"qvec": [
			0.9140388975243515,
			0.13147542034080507,
			0.22448956678410948,
			0.3112098039325879
		],
		"tvec": [
			-0.6442743174305546,
			-2.7041680045696534,
			1.3482072019900538
		],
		"camera_id": 1,
		"nerf_name": "frame_00158.JPG",
		"intrinsic_mtx": [
			[
				4334.2400691237139,
				0.0,
				2745.272635185963
			],
			[
				0.0,
				4335.411864773598,
				1794.0681863611786
			],
			[
				0.0,
				0.0,
				1.0
			]
		],
		"cam_cent": [
			2.431792355421399,
			-1.8970197910754963,
			-0.18159984834409219
		],
		"euler_angle": [
			-156.7956872546127,
			-19.20615024057309,
			78.9828022733773
		]
	},
	"DJI_0520.JPG": {
		"id": 157,
		"w2c": [
			[
				0.8944385348312482,
				0.44694362974665649,
				-0.014869406101578008,
				-0.5664709305361347
			],
			[
				0.3810397150232683,
				-0.77911046043849,
				-0.49779074520355529,
				-2.7371425603897947
			],
			[
				-0.23406931234981738,
				0.43957739052891289,
				-0.8671696920164332,
				1.3431407937936622
			],
			[
				0.0,
				0.0,
				0.0,
				1.0
			]
		],
		"qvec": [
			0.9528311751704103,
			0.13306680814527717,
			0.15713633328153926,
			0.22296669920917976
		],
		"tvec": [
			-0.5664709305361347,
			-2.7371425603897947,
			1.3431407937936622
		],
		"camera_id": 1,
		"nerf_name": "frame_00157.JPG",
		"intrinsic_mtx": [
			[
				4334.2400691237139,
				0.0,
				2745.272635185963
			],
			[
				0.0,
				4335.411864773598,
				1794.0681863611786
			],
			[
				0.0,
				0.0,
				1.0
			]
		],
		"cam_cent": [
			1.8640214923144907,
			-2.4697701519200434,
			-0.20621633268692647
		],
		"euler_angle": [
			-153.11907285653514,
			-13.536768282457139,
			52.82017654145113
		]
	},
	"DJI_0519.JPG": {
		"id": 156,
		"w2c": [
			[
				0.9782131169524543,
				0.20697122705377864,
				-0.016186691879976426,
				-0.5492978083148319
			],
			[
				0.17159992709207684,
				-0.849989483867488,
				-0.4980676081986012,
				-2.668889611546607
			],
			[
				-0.11684418190118824,
				0.48443863232254166,
				-0.8669871098634095,
				1.3665089507522293
			],
			[
				0.0,
				0.0,
				0.0,
				1.0
			]
		],
		"qvec": [
			0.9798883719308811,
			0.1333344960481686,
			0.08186699163005604,
			0.12384864310791666
		],
		"tvec": [
			-0.5492978083148319,
			-2.668889611546607,
			1.3665089507522293
		],
		"camera_id": 1,
		"nerf_name": "frame_00156.JPG",
		"intrinsic_mtx": [
			[
				4334.2400691237139,
				0.0,
				2745.272635185963
			],
			[
				0.0,
				4335.411864773598,
				1794.0681863611786
			],
			[
				0.0,
				0.0,
				1.0
			]
		],
		"cam_cent": [
			1.154980204376298,
			-2.8168289891718509,
			-0.1534331339274959
		],
		"euler_angle": [
			-150.8052417221329,
			-6.710006092224357,
			25.371549653074575
		]
	},
	"DJI_0518.JPG": {
		"id": 155,
		"w2c": [
			[
				0.9995574786357503,
				0.022903652162281273,
				-0.018980769767605999,
				-0.1866280401324077
			],
			[
				0.010454688950877509,
				-0.8678711461012149,
				-0.4966793465042655,
				-2.64590460077797
			],
			[
				-0.027848633400618378,
				0.49626111723828739,
				-0.8677265451368451,
				1.3896550164992919
			],
			[
				0.0,
				0.0,
				0.0,
				1.0
			]
		],
		"qvec": [
			0.9894993894936675,
			0.1330092463793519,
			0.026831162501896337,
			0.049795454491886537
		],
		"tvec": [
			-0.1866280401324077,
			-2.64590460077797,
			1.3896550164992919
		],
		"camera_id": 1,
		"nerf_name": "frame_00155.JPG",
		"intrinsic_mtx": [
			[
				4334.2400691237139,
				0.0,
				2745.272635185963
			],
			[
				0.0,
				4335.411864773598,
				1794.0681863611786
			],
			[
				0.0,
				0.0,
				1.0
			]
		],
		"cam_cent": [
			0.2529075559401295,
			-2.9816615457004627,
			-0.11186796548994932
		],
		"euler_angle": [
			-150.23434752367283,
			-1.5958154758927906,
			5.999658172316126
		]
	},
	"DJI_0517.JPG": {
		"id": 154,
		"w2c": [
			[
				0.9970345183999326,
				-0.07445106916457352,
				-0.019473248811291197,
				0.11785437587710922
			],
			[
				-0.07429289485122714,
				-0.865221607419597,
				-0.4958549544260631,
				-2.698157381147195
			],
			[
				0.02006825586938415,
				0.49583122970875956,
				-0.8681869941158188,
				1.4305545210718865
			],
			[
				0.0,
				0.0,
				0.0,
				1.0
			]
		],
		"qvec": [
			0.9911410793156854,
			0.13233613409556606,
			-0.0025207675925977459,
			0.010961488782241269
		],
		"tvec": [
			0.11785437587710922,
			-2.698157381147195,
			1.4305545210718865
		],
		"camera_id": 1,
		"nerf_name": "frame_00154.JPG",
		"intrinsic_mtx": [
			[
				4334.2400691237139,
				0.0,
				2745.272635185963
			],
			[
				0.0,
				4335.411864773598,
				1794.0681863611786
			],
			[
				0.0,
				0.0,
				1.0
			]
		],
		"cam_cent": [
			-0.34666753766756405,
			-3.035043289445951,
			-0.09361086810993902
		],
		"euler_angle": [
			-150.2688328441358,
			1.1499035566946517,
			-4.330208994672442
		]
	},
	"DJI_0516.JPG": {
		"id": 153,
		"w2c": [
			[
				0.9957501124028856,
				-0.09092431563074972,
				-0.014645220268754174,
				0.14722931139035609
			],
			[
				-0.07490883751154273,
				-0.7071044463322082,
				-0.7031301216986018,
				-2.153263880962406
			],
			[
				0.05357592474526047,
				0.7012389541406703,
				-0.7109103667013088,
				2.028640802717063
			],
			[
				0.0,
				0.0,
				0.0,
				1.0
			]
		],
		"qvec": [
			0.9999361623730594,
			0.0020196403096298506,
			-0.008606457384443866,
			0.007037124622167389
		],
		"tvec": [
			0.14722931139035609,
			-2.153263880962406,
			2.028640802717063
		],
		"camera_id": 1,
		"nerf_name": "frame_00153.JPG",
		"intrinsic_mtx": [
			[
				4334.2400691237139,
				0.0,
				2745.272635185963
			],
			[
				0.0,
				4335.411864773598,
				1794.0681863611786
			],
			[
				0.0,
				0.0,
				1.0
			]
		],
		"cam_cent": [
			-0.41658840452596759,
			-2.9317576948005126,
			-0.06968671201014749
		],
		"euler_angle": [
			-135.39239650502328,
			3.071144793347898,
			-7.477969563326302
		]
	},
	"DJI_0515.JPG": {
		"id": 152,
		"w2c": [
			[
				0.9933547913253603,
				-0.11422203232069271,
				-0.014127486806953742,
				0.03406460941255761
			],
			[
				-0.09108673529445476,
				-0.7051856480579111,
				-0.7031475011877253,
				-2.182216791100738
			],
			[
				0.07035243566748738,
				0.6997617659644423,
				-0.7109036542949949,
				2.0047513212805829
			],
			[
				0.0,
				0.0,
				0.0,
				1.0
			]
		],
		"qvec": [
			0.9998527595526786,
			0.001713155802140199,
			-0.017039380421469107,
			-0.001088038117126836
		],
		"tvec": [
			0.03406460941255761,
			-2.182216791100738,
			2.0047513212805829
		],
		"camera_id": 1,
		"nerf_name": "frame_00152.JPG",
		"intrinsic_mtx": [
			[
				4334.2400691237139,
				0.0,
				2745.272635185963
			],
			[
				0.0,
				4335.411864773598,
				1794.0681863611786
			],
			[
				0.0,
				0.0,
				1.0
			]
		],
		"cam_cent": [
			-0.37364838454040097,
			-2.9378253580167654,
			-0.1087539961412352
		],
		"euler_angle": [
			-135.45253104926366,
			4.034230201305205,
			-9.829221691648945
		]
	},
	"DJI_0514.JPG": {
		"id": 151,
		"w2c": [
			[
				0.9819086569500927,
				-0.18889726387089995,
				-0.013161045116288548,
				-0.23939371292443657
			],
			[
				-0.14340999836771765,
				-0.6964733227349503,
				-0.7031063099465892,
				-2.159810647196778
			],
			[
				0.12364854133646952,
				0.6922735979514354,
				-0.7109629412316358,
				2.080968207611741
			],
			[
				0.0,
				0.0,
				0.0,
				1.0
			]
		],
		"qvec": [
			0.9986524690940287,
			0.0008094603586630729,
			-0.043974732106932219,
			-0.027546572971102715
		],
		"tvec": [
			-0.23939371292443657,
			-2.159810647196778,
			2.080968207611741
		],
		"camera_id": 1,
		"nerf_name": "frame_00151.JPG",
		"intrinsic_mtx": [
			[
				4334.2400691237139,
				0.0,
				2745.272635185963
			],
			[
				0.0,
				4335.411864773598,
				1794.0681863611786
			],
			[
				0.0,
				0.0,
				1.0
			]
		],
		"cam_cent": [
			-0.33198436568789865,
			-2.990070663596714,
			-0.04223588829706748
		],
		"euler_angle": [
			-135.76306249977209,
			7.10271744824203,
			-17.36400433847319
		]
	},
	"DJI_0513.JPG": {
		"id": 150,
		"w2c": [
			[
				0.9186093557538264,
				-0.3949419153725438,
				-0.013331729197905696,
				-0.31178163841395126
			],
			[
				-0.2896687892006254,
				-0.6500362291371025,
				-0.7025275036411459,
				-2.189451190924132
			],
			[
				0.26879145091424219,
				0.6492101233738451,
				-0.7115317080948213,
				2.183002750611647
			],
			[
				0.0,
				0.0,
				0.0,
				1.0
			]
		],
		"qvec": [
			0.9873940840453286,
			-0.0015069193665446185,
			-0.11939879255438915,
			-0.1038969697482234
		],
		"tvec": [
			-0.31178163841395126,
			-2.189451190924132,
			2.183002750611647
		],
		"camera_id": 1,
		"nerf_name": "frame_00150.JPG",
		"intrinsic_mtx": [
			[
				4334.2400691237139,
				0.0,
				2745.272635185963
			],
			[
				0.0,
				4335.411864773598,
				1794.0681863611786
			],
			[
				0.0,
				0.0,
				1.0
			]
		],
		"cam_cent": [
			-0.9345826221762348,
			-2.9635857185312868,
			0.010969408042119667
		],
		"euler_angle": [
			-137.62229773335126,
			15.592363796603497,
			-38.90562174381621
		]
	},
	"DJI_0512.JPG": {
		"id": 149,
		"w2c": [
			[
				0.8049744203587965,
				-0.5931562040087245,
				-0.013487038740210313,
				-0.29347152065911577
			],
			[
				-0.42930515403683736,
				-0.5666199801545335,
				-0.7033056823366944,
				-2.1956050576502275
			],
			[
				0.4095281031692781,
				0.5719331392178955,
				-0.7107596056184798,
				2.2627684996267916
			],
			[
				0.0,
				0.0,
				0.0,
				1.0
			]
		],
		"qvec": [
			0.9628956111562191,
			-0.0049167928038057208,
			-0.19795099501730535,
			-0.18336649294861538
		],
		"tvec": [
			-0.29347152065911577,
			-2.1956050576502275,
			2.2627684996267916
		],
		"camera_id": 1,
		"nerf_name": "frame_00149.JPG",
		"intrinsic_mtx": [
			[
				4334.2400691237139,
				0.0,
				2745.272635185963
			],
			[
				0.0,
				4335.411864773598,
				1794.0681863611786
			],
			[
				0.0,
				0.0,
				1.0
			]
		],
		"cam_cent": [
			-1.633014791807557,
			-2.7123004386867124,
			0.06014487141978818
		],
		"euler_angle": [
			-141.17710605863906,
			24.17519442901656,
